  -16.823396  -9.712992  -0.525731     -0.303531     0.794654  
  -15.771933  -9.712992  -0.501334     -0.308742     0.808296  
  -14.720471  -9.712992  -0.475680     -0.313867     0.821715  
  -13.669009  -9.712992  -0.448752     -0.318876     0.834829  
  -12.617547  -9.712992  -0.420544     -0.323735     0.847549  
  -11.566084  -9.712992  -0.391061     -0.328406     0.859779  
  -10.514622  -9.712992  -0.360324     -0.332853     0.871421  
  -9.463160  -9.712992  -0.328367     -0.337036     0.882373  
  -8.411698  -9.712992  -0.295242     -0.340916     0.892529  
  -7.360236  -9.712992  -0.261017     -0.344453     0.901789  
  -6.308773  -9.712992  -0.225778     -0.347608     0.910051  
  -5.257311  -9.712992  -0.189631     -0.350348     0.917222  
  -4.205849  -9.712992  -0.152697     -0.352638     0.923217  
  -3.154387  -9.712992  -0.115111     -0.354450     0.927963  
  -2.102924  -9.712992  -0.077025     -0.355762     0.931397  
  -1.051462  -9.712992  -0.038598     -0.356556     0.933476  
  0.000000  -9.712992  0.000000     -0.356822     0.934172  
  1.051462  -9.712992  0.038598     -0.356556     0.933476  
  2.102924  -9.712992  0.077025     -0.355762     0.931397  
  3.154387  -9.712992  0.115111     -0.354450     0.927963  
  4.205849  -9.712992  0.152697     -0.352638     0.923217  
  5.257311  -9.712992  0.189631     -0.350348     0.917222  
  6.308773  -9.712992  0.225778     -0.347608     0.910051  
  7.360236  -9.712992  0.261017     -0.344453     0.901789  
  8.411698  -9.712992  0.295242     -0.340916     0.892529  
  9.463160  -9.712992  0.328367     -0.337036     0.882373  
  10.514622  -9.712992  0.360324     -0.332853     0.871421  
  11.566084  -9.712992  0.391061     -0.328406     0.859779  
  12.617547  -9.712992  0.420544     -0.323735     0.847549  
  13.669009  -9.712992  0.448752     -0.318876     0.834829  
  14.720471  -9.712992  0.475680     -0.313867     0.821715  
  15.771933  -9.712992  0.501334     -0.308742     0.808296  
  16.823396  -9.712992  0.525731     -0.303531     0.794654  
  -16.297664  -8.802399  -0.518045     -0.279797     0.808296  
  -15.246202  -8.802399  -0.492953     -0.284607     0.822190  
  -14.194740  -8.802399  -0.466568     -0.289327     0.835826  
  -13.143278  -8.802399  -0.438876     -0.293927     0.849114  
  -12.091816  -8.802399  -0.409874     -0.298373     0.861961  
  -11.040353  -8.802399  -0.379575     -0.302632     0.874264  
  -9.988891  -8.802399  -0.348002     -0.306666     0.885918  
  -8.937429  -8.802399  -0.315201     -0.310438     0.896815  
  -7.885967  -8.802399  -0.281229     -0.313911     0.906846  
  -6.834504  -8.802399  -0.246167     -0.317047     0.915906  
  -5.783042  -8.802399  -0.210111     -0.319811     0.923891  
  -4.731580  -8.802399  -0.173177     -0.322171     0.930707  
  -3.680118  -8.802399  -0.135499     -0.324096     0.936270  
  -2.628656  -8.802399  -0.097223     -0.325563     0.940509  
  -1.577193  -8.802399  -0.058511     -0.326553     0.943366  
  -0.525731  -8.802399  -0.019533     -0.327051     0.944805  
  0.525731  -8.802399  0.019533     -0.327051     0.944805  
  1.577193  -8.802399  0.058511     -0.326553     0.943366  
  2.628656  -8.802399  0.097223     -0.325563     0.940509  
  3.680118  -8.802399  0.135499     -0.324096     0.936270  
  4.731580  -8.802399  0.173177     -0.322171     0.930707  
  5.783042  -8.802399  0.210111     -0.319811     0.923891  
  6.834504  -8.802399  0.246167     -0.317047     0.915906  
  7.885967  -8.802399  0.281229     -0.313911     0.906846  
  8.937429  -8.802399  0.315201     -0.310438     0.896815  
  9.988891  -8.802399  0.348002     -0.306666     0.885918  
  11.040353  -8.802399  0.379575     -0.302632     0.874264  
  12.091816  -8.802399  0.409874     -0.298373     0.861961  
  13.143278  -8.802399  0.438876     -0.293927     0.849114  
  14.194740  -8.802399  0.466568     -0.289327     0.835826  
  15.246202  -8.802399  0.492953     -0.284607     0.822190  
  16.297664  -8.802399  0.518045     -0.279797     0.808296  
  -15.771933  -7.891806  -0.509657     -0.255017     0.821715  
  -14.720471  -7.891806  -0.483848     -0.259396     0.835826  
  -13.669009  -7.891806  -0.456712     -0.263683     0.849638  
  -12.617547  -7.891806  -0.428239     -0.267848     0.863058  
  -11.566084  -7.891806  -0.398431     -0.271859     0.875982  
  -10.514622  -7.891806  -0.367305     -0.275683     0.888305  
  -9.463160  -7.891806  -0.334895     -0.279286     0.899914  
  -8.411698  -7.891806  -0.301251     -0.282632     0.910696  
  -7.360236  -7.891806  -0.266444     -0.285687     0.920538  
  -6.308773  -7.891806  -0.230562     -0.288416     0.929332  
  -5.257311  -7.891806  -0.193715     -0.290787     0.936973  
  -4.205849  -7.891806  -0.156029     -0.292771     0.943366  
  -3.154387  -7.891806  -0.117650     -0.294343     0.948431  
  -2.102924  -7.891806  -0.078737     -0.295481     0.952098  
  -1.051462  -7.891806  -0.039460     -0.296171     0.954320  
  0.000000  -7.891806  0.000000     -0.296401     0.955063  
  1.051462  -7.891806  0.039460     -0.296171     0.954320  
  2.102924  -7.891806  0.078737     -0.295481     0.952098  
  3.154387  -7.891806  0.117650     -0.294343     0.948431  
  4.205849  -7.891806  0.156029     -0.292771     0.943366  
  5.257311  -7.891806  0.193715     -0.290787     0.936973  
  6.308773  -7.891806  0.230562     -0.288416     0.929332  
  7.360236  -7.891806  0.266444     -0.285687     0.920538  
  8.411698  -7.891806  0.301251     -0.282632     0.910696  
  9.463160  -7.891806  0.334895     -0.279286     0.899914  
  10.514622  -7.891806  0.367305     -0.275683     0.888305  
  11.566084  -7.891806  0.398431     -0.271859     0.875982  
  12.617547  -7.891806  0.428239     -0.267848     0.863058  
  13.669009  -7.891806  0.456712     -0.263683     0.849638  
  14.720471  -7.891806  0.483848     -0.259396     0.835826  
  15.771933  -7.891806  0.509657     -0.255017     0.821715  
  -15.246202  -6.981213  -0.500531     -0.229192     0.834829  
  -14.194740  -6.981213  -0.473986     -0.233114     0.849114  
  -13.143278  -6.981213  -0.446083     -0.236942     0.863058  
  -12.091816  -6.981213  -0.416815     -0.240648     0.876558  
  -11.040353  -6.981213  -0.386192     -0.244203     0.889506  
  -9.988891  -6.981213  -0.354237     -0.247575     0.901789  
  -8.937429  -6.981213  -0.320991     -0.250733     0.913290  
  -7.885967  -6.981213  -0.286515     -0.253643     0.923891  
  -6.834504  -6.981213  -0.250889     -0.256275     0.933476  
  -5.783042  -6.981213  -0.214214     -0.258597     0.941934  
  -4.731580  -6.981213  -0.176611     -0.260581     0.949161  
  -3.680118  -6.981213  -0.138218     -0.262201     0.955063  
  -2.628656  -6.981213  -0.099193     -0.263437     0.959563  
  -1.577193  -6.981213  -0.059704     -0.264270     0.962599  
  -0.525731  -6.981213  -0.019933     -0.264690     0.964128  
  0.525731  -6.981213  0.019933     -0.264690     0.964128  
  1.577193  -6.981213  0.059704     -0.264270     0.962599  
  2.628656  -6.981213  0.099193     -0.263437     0.959563  
  3.680118  -6.981213  0.138218     -0.262201     0.955063  
  4.731580  -6.981213  0.176611     -0.260581     0.949161  
  5.783042  -6.981213  0.214214     -0.258597     0.941934  
  6.834504  -6.981213  0.250889     -0.256275     0.933476  
  7.885967  -6.981213  0.286515     -0.253643     0.923891  
  8.937429  -6.981213  0.320991     -0.250733     0.913290  
  9.988891  -6.981213  0.354237     -0.247575     0.901789  
  11.040353  -6.981213  0.386192     -0.244203     0.889506  
  12.091816  -6.981213  0.416815     -0.240648     0.876558  
  13.143278  -6.981213  0.446083     -0.236942     0.863058  
  14.194740  -6.981213  0.473986     -0.233114     0.849114  
  15.246202  -6.981213  0.500531     -0.229192     0.834829  
  -14.720471  -6.070620  -0.490634     -0.202334     0.847549  
  -13.669009  -6.070620  -0.463336     -0.205775     0.861961  
  -12.617547  -6.070620  -0.434652     -0.209122     0.875982  
  -11.566084  -6.070620  -0.404582     -0.212351     0.889506  
  -10.514622  -6.070620  -0.373140     -0.215433     0.902416  
  -9.463160  -6.070620  -0.340359     -0.218340     0.914595  
  -8.411698  -6.070620  -0.306287     -0.221044     0.925920  
  -7.360236  -6.070620  -0.270997     -0.223515     0.936270  
  -6.308773  -6.070620  -0.234580     -0.225724     0.945527  
  -5.257311  -6.070620  -0.197148     -0.227646     0.953577  
  -4.205849  -6.070620  -0.158833     -0.229256     0.960320  
  -3.154387  -6.070620  -0.119788     -0.230532     0.965664  
  -2.102924  -6.070620  -0.080179     -0.231456     0.969536  
  -1.051462  -6.070620  -0.040186     -0.232016     0.971881  
  0.000000  -6.070620  0.000000     -0.232204     0.972667  
  1.051462  -6.070620  0.040186     -0.232016     0.971881  
  2.102924  -6.070620  0.080179     -0.231456     0.969536  
  3.154387  -6.070620  0.119788     -0.230532     0.965664  
  4.205849  -6.070620  0.158833     -0.229256     0.960320  
  5.257311  -6.070620  0.197148     -0.227646     0.953577  
  6.308773  -6.070620  0.234580     -0.225724     0.945527  
  7.360236  -6.070620  0.270997     -0.223515     0.936270  
  8.411698  -6.070620  0.306287     -0.221044     0.925920  
  9.463160  -6.070620  0.340359     -0.218340     0.914595  
  10.514622  -6.070620  0.373140     -0.215433     0.902416  
  11.566084  -6.070620  0.404582     -0.212351     0.889506  
  12.617547  -6.070620  0.434652     -0.209122     0.875982  
  13.669009  -6.070620  0.463336     -0.205775     0.861961  
  14.720471  -6.070620  0.490634     -0.202334     0.847549  
  -14.194740  -5.160027  -0.479939     -0.174466     0.859779  
  -13.143278  -5.160027  -0.451874     -0.177405     0.874264  
  -12.091816  -5.160027  -0.422401     -0.180254     0.888305  
  -11.040353  -5.160027  -0.391525     -0.182990     0.901789  
  -9.988891  -5.160027  -0.359267     -0.185589     0.914595  
  -8.937429  -5.160027  -0.325669     -0.188025     0.926599  
  -7.885967  -5.160027  -0.290790     -0.190273     0.937677  
  -6.834504  -5.160027  -0.254713     -0.192307     0.947702  
  -5.783042  -5.160027  -0.217540     -0.194104     0.956556  
  -4.731580  -5.160027  -0.179396     -0.195640     0.964128  
  -3.680118  -5.160027  -0.140426     -0.196896     0.970316  
  -2.628656  -5.160027  -0.100792     -0.197854     0.975036  
  -1.577193  -5.160027  -0.060673     -0.198500     0.978221  
  -0.525731  -5.160027  -0.020257     -0.198826     0.979825  
  0.525731  -5.160027  0.020257     -0.198826     0.979825  
  1.577193  -5.160027  0.060673     -0.198500     0.978221  
  2.628656  -5.160027  0.100792     -0.197854     0.975036  
  3.680118  -5.160027  0.140426     -0.196896     0.970316  
  4.731580  -5.160027  0.179396     -0.195640     0.964128  
  5.783042  -5.160027  0.217540     -0.194104     0.956556  
  6.834504  -5.160027  0.254713     -0.192307     0.947702  
  7.885967  -5.160027  0.290790     -0.190273     0.937677  
  8.937429  -5.160027  0.325669     -0.188025     0.926599  
  9.988891  -5.160027  0.359267     -0.185589     0.914595  
  11.040353  -5.160027  0.391525     -0.182990     0.901789  
  12.091816  -5.160027  0.422401     -0.180254     0.888305  
  13.143278  -5.160027  0.451874     -0.177405     0.874264  
  14.194740  -5.160027  0.479939     -0.174466     0.859779  
  -13.669009  -4.249434  -0.468422     -0.145623     0.871421  
  -12.617547  -4.249434  -0.439582     -0.148046     0.885918  
  -11.566084  -4.249434  -0.409316     -0.150385     0.899914  
  -10.514622  -4.249434  -0.377636     -0.152620     0.913290  
  -9.463160  -4.249434  -0.344573     -0.154731     0.925920  
  -8.411698  -4.249434  -0.310176     -0.156695     0.937677  
  -7.360236  -4.249434  -0.274517     -0.158492     0.948431  
  -6.308773  -4.249434  -0.237688     -0.160101     0.958056  
  -5.257311  -4.249434  -0.199806     -0.161501     0.966434  
  -4.205849  -4.249434  -0.161006     -0.162674     0.973455  
  -3.154387  -4.249434  -0.121445     -0.163605     0.979022  
  -2.102924  -4.249434  -0.081297     -0.164279     0.983058  
  -1.051462  -4.249434  -0.040750     -0.164688     0.985504  
  0.000000  -4.249434  0.000000     -0.164825     0.986323  
  1.051462  -4.249434  0.040750     -0.164688     0.985504  
  2.102924  -4.249434  0.081297     -0.164279     0.983058  
  3.154387  -4.249434  0.121445     -0.163605     0.979022  
  4.205849  -4.249434  0.161006     -0.162674     0.973455  
  5.257311  -4.249434  0.199806     -0.161501     0.966434  
  6.308773  -4.249434  0.237688     -0.160101     0.958056  
  7.360236  -4.249434  0.274517     -0.158492     0.948431  
  8.411698  -4.249434  0.310176     -0.156695     0.937677  
  9.463160  -4.249434  0.344573     -0.154731     0.925920  
  10.514622  -4.249434  0.377636     -0.152620     0.913290  
  11.566084  -4.249434  0.409316     -0.150385     0.899914  
  12.617547  -4.249434  0.439582     -0.148046     0.885918  
  13.669009  -4.249434  0.468422     -0.145623     0.871421  
  -13.143278  -3.338841  -0.456066     -0.115856     0.882373  
  -12.091816  -3.338841  -0.426448     -0.117753     0.896815  
  -11.040353  -3.338841  -0.395392     -0.119575     0.910696  
  -9.988891  -3.338841  -0.362919     -0.121308     0.923891  
  -8.937429  -3.338841  -0.329068     -0.122933     0.936270  
  -7.885967  -3.338841  -0.293899     -0.124434     0.947702  
  -6.834504  -3.338841  -0.257496     -0.125794     0.958056  
  -5.783042  -3.338841  -0.219962     -0.126995     0.967207  
  -4.731580  -3.338841  -0.181426     -0.128023     0.975036  
  -3.680118  -3.338841  -0.142035     -0.128864     0.981438  
  -2.628656  -3.338841  -0.101959     -0.129505     0.986323  
  -1.577193  -3.338841  -0.061380     -0.129938     0.989620  
  -0.525731  -3.338841  -0.020494     -0.130156     0.991282  
  0.525731  -3.338841  0.020494     -0.130156     0.991282  
  1.577193  -3.338841  0.061380     -0.129938     0.989620  
  2.628656  -3.338841  0.101959     -0.129505     0.986323  
  3.680118  -3.338841  0.142035     -0.128864     0.981438  
  4.731580  -3.338841  0.181426     -0.128023     0.975036  
  5.783042  -3.338841  0.219962     -0.126995     0.967207  
  6.834504  -3.338841  0.257496     -0.125794     0.958056  
  7.885967  -3.338841  0.293899     -0.124434     0.947702  
  8.937429  -3.338841  0.329068     -0.122933     0.936270  
  9.988891  -3.338841  0.362919     -0.121308     0.923891  
  11.040353  -3.338841  0.395392     -0.119575     0.910696  
  12.091816  -3.338841  0.426448     -0.117753     0.896815  
  13.143278  -3.338841  0.456066     -0.115856     0.882373  
  -12.617547  -2.428248  -0.442863     -0.085229     0.892529  
  -11.566084  -2.428248  -0.412469     -0.086596     0.906846  
  -10.514622  -2.428248  -0.380634     -0.087904     0.920538  
  -9.463160  -2.428248  -0.347385     -0.089139     0.933476  
  -8.411698  -2.428248  -0.312773     -0.090290     0.945527  
  -7.360236  -2.428248  -0.276869     -0.091343     0.956556  
  -6.308773  -2.428248  -0.239767     -0.092286     0.966434  
  -5.257311  -2.428248  -0.201584     -0.093108     0.975036  
  -4.205849  -2.428248  -0.162460     -0.093796     0.982247  
  -3.154387  -2.428248  -0.122555     -0.094343     0.987968  
  -2.102924  -2.428248  -0.082046     -0.094739     0.992115  
  -1.051462  -2.428248  -0.041127     -0.094979     0.994629  
  0.000000  -2.428248  0.000000     -0.095059     0.995472  
  1.051462  -2.428248  0.041127     -0.094979     0.994629  
  2.102924  -2.428248  0.082046     -0.094739     0.992115  
  3.154387  -2.428248  0.122555     -0.094343     0.987968  
  4.205849  -2.428248  0.162460     -0.093796     0.982247  
  5.257311  -2.428248  0.201584     -0.093108     0.975036  
  6.308773  -2.428248  0.239767     -0.092286     0.966434  
  7.360236  -2.428248  0.276869     -0.091343     0.956556  
  8.411698  -2.428248  0.312773     -0.090290     0.945527  
  9.463160  -2.428248  0.347385     -0.089139     0.933476  
  10.514622  -2.428248  0.380634     -0.087904     0.920538  
  11.566084  -2.428248  0.412469     -0.086596     0.906846  
  12.617547  -2.428248  0.442863     -0.085229     0.892529  
  -12.091816  -1.517655  -0.428813     -0.053821     0.901789  
  -11.040353  -1.517655  -0.397654     -0.054663     0.915906  
  -9.988891  -1.517655  -0.365056     -0.055465     0.929332  
  -8.937429  -1.517655  -0.331059     -0.056217     0.941934  
  -7.885967  -1.517655  -0.295721     -0.056912     0.953577  
  -6.834504  -1.517655  -0.259127     -0.057541     0.964128  
  -5.783042  -1.517655  -0.221383     -0.058098     0.973455  
  -4.731580  -1.517655  -0.182617     -0.058574     0.981438  
  -3.680118  -1.517655  -0.142980     -0.058964     0.987968  
  -2.628656  -1.517655  -0.102644     -0.059262     0.992951  
  -1.577193  -1.517655  -0.061795     -0.059462     0.996316  
  -0.525731  -1.517655  -0.020633     -0.059563     0.998011  
  0.525731  -1.517655  0.020633     -0.059563     0.998011  
  1.577193  -1.517655  0.061795     -0.059462     0.996316  
  2.628656  -1.517655  0.102644     -0.059262     0.992951  
  3.680118  -1.517655  0.142980     -0.058964     0.987968  
  4.731580  -1.517655  0.182617     -0.058574     0.981438  
  5.783042  -1.517655  0.221383     -0.058098     0.973455  
  6.834504  -1.517655  0.259127     -0.057541     0.964128  
  7.885967  -1.517655  0.295721     -0.056912     0.953577  
  8.937429  -1.517655  0.331059     -0.056217     0.941934  
  9.988891  -1.517655  0.365056     -0.055465     0.929332  
  11.040353  -1.517655  0.397654     -0.054663     0.915906  
  12.091816  -1.517655  0.428813     -0.053821     0.901789  
  -11.566084  -0.607062  -0.413927     -0.021726     0.910051  
  -10.514622  -0.607062  -0.382020     -0.022056     0.923891  
  -9.463160  -0.607062  -0.348686     -0.022368     0.936973  
  -8.411698  -0.607062  -0.313975     -0.022659     0.949161  
  -7.360236  -0.607062  -0.277958     -0.022926     0.960320  
  -6.308773  -0.607062  -0.240730     -0.023164     0.970316  
  -5.257311  -0.607062  -0.202408     -0.023372     0.979022  
  -4.205849  -0.607062  -0.163134     -0.023546     0.986323  
  -3.154387  -0.607062  -0.123069     -0.023685     0.992115  
  -2.102924  -0.607062  -0.082393     -0.023785     0.996316  
  -1.051462  -0.607062  -0.041302     -0.023846     0.998862  
  0.000000  -0.607062  0.000000     -0.023866     0.999715  
  1.051462  -0.607062  0.041302     -0.023846     0.998862  
  2.102924  -0.607062  0.082393     -0.023785     0.996316  
  3.154387  -0.607062  0.123069     -0.023685     0.992115  
  4.205849  -0.607062  0.163134     -0.023546     0.986323  
  5.257311  -0.607062  0.202408     -0.023372     0.979022  
  6.308773  -0.607062  0.240730     -0.023164     0.970316  
  7.360236  -0.607062  0.277958     -0.022926     0.960320  
  8.411698  -0.607062  0.313975     -0.022659     0.949161  
  9.463160  -0.607062  0.348686     -0.022368     0.936973  
  10.514622  -0.607062  0.382020     -0.022056     0.923891  
  11.566084  -0.607062  0.413927     -0.021726     0.910051  
  -11.040353  0.303531  -0.398226     0.010948     0.917222  
  -9.988891  0.303531  -0.365596     0.011109     0.930707  
  -8.937429  0.303531  -0.331562     0.011260     0.943366  
  -7.885967  0.303531  -0.296182     0.011400     0.955063  
  -6.834504  0.303531  -0.259540     0.011527     0.965664  
  -5.783042  0.303531  -0.221742     0.011638     0.975036  
  -4.731580  0.303531  -0.182918     0.011734     0.983058  
  -3.680118  0.303531  -0.143219     0.011813     0.989620  
  -2.628656  0.303531  -0.102817     0.011872     0.994629  
  -1.577193  0.303531  -0.061900     0.011913     0.998011  
  -0.525731  0.303531  -0.020669     0.011933     0.999715  
  0.525731  0.303531  0.020669     0.011933     0.999715  
  1.577193  0.303531  0.061900     0.011913     0.998011  
  2.628656  0.303531  0.102817     0.011872     0.994629  
  3.680118  0.303531  0.143219     0.011813     0.989620  
  4.731580  0.303531  0.182918     0.011734     0.983058  
  5.783042  0.303531  0.221742     0.011638     0.975036  
  6.834504  0.303531  0.259540     0.011527     0.965664  
  7.885967  0.303531  0.296182     0.011400     0.955063  
  8.937429  0.303531  0.331562     0.011260     0.943366  
  9.988891  0.303531  0.365596     0.011109     0.930707  
  11.040353  0.303531  0.398226     0.010948     0.917222  
  -10.514622  1.214124  -0.381741     0.044080     0.923217  
  -9.463160  1.214124  -0.348425     0.044703     0.936270  
  -8.411698  1.214124  -0.313734     0.045284     0.948431  
  -7.360236  1.214124  -0.277739     0.045815     0.959563  
  -6.308773  1.214124  -0.240536     0.046291     0.969536  
  -5.257311  1.214124  -0.202242     0.046706     0.978221  
  -4.205849  1.214124  -0.162998     0.047054     0.985504  
  -3.154387  1.214124  -0.122966     0.047329     0.991282  
  -2.102924  1.214124  -0.082324     0.047530     0.995472  
  -1.051462  1.214124  -0.041267     0.047651     0.998011  
  0.000000  1.214124  0.000000     0.047691     0.998862  
  1.051462  1.214124  0.041267     0.047651     0.998011  
  2.102924  1.214124  0.082324     0.047530     0.995472  
  3.154387  1.214124  0.122966     0.047329     0.991282  
  4.205849  1.214124  0.162998     0.047054     0.985504  
  5.257311  1.214124  0.202242     0.046706     0.978221  
  6.308773  1.214124  0.240536     0.046291     0.969536  
  7.360236  1.214124  0.277739     0.045815     0.959563  
  8.411698  1.214124  0.313734     0.045284     0.948431  
  9.463160  1.214124  0.348425     0.044703     0.936270  
  10.514622  1.214124  0.381741     0.044080     0.923217  
  -9.988891  2.124717  -0.364518     0.077536     0.927963  
  -8.937429  2.124717  -0.330558     0.078584     0.940509  
  -7.885967  2.124717  -0.295263     0.079553     0.952098  
  -6.834504  2.124717  -0.258716     0.080430     0.962599  
  -5.783042  2.124717  -0.221025     0.081206     0.971881  
  -4.731580  2.124717  -0.182317     0.081869     0.979825  
  -3.680118  2.124717  -0.142742     0.082412     0.986323  
  -2.628656  2.124717  -0.102471     0.082827     0.991282  
  -1.577193  2.124717  -0.061690     0.083106     0.994629  
  -0.525731  2.124717  -0.020598     0.083247     0.996316  
  0.525731  2.124717  0.020598     0.083247     0.996316  
  1.577193  2.124717  0.061690     0.083106     0.994629  
  2.628656  2.124717  0.102471     0.082827     0.991282  
  3.680118  2.124717  0.142742     0.082412     0.986323  
  4.731580  2.124717  0.182317     0.081869     0.979825  
  5.783042  2.124717  0.221025     0.081206     0.971881  
  6.834504  2.124717  0.258716     0.080430     0.962599  
  7.885967  2.124717  0.295263     0.079553     0.952098  
  8.937429  2.124717  0.330558     0.078584     0.940509  
  9.988891  2.124717  0.364518     0.077536     0.927963  
  -9.463160  3.035310  -0.346611     0.111176     0.931397  
  -8.411698  3.035310  -0.312058     0.112604     0.943366  
  -7.360236  3.035310  -0.276221     0.113912     0.954320  
  -6.308773  3.035310  -0.239194     0.115082     0.964128  
  -5.257311  3.035310  -0.201094     0.116102     0.972667  
  -4.205849  3.035310  -0.162059     0.116956     0.979825  
  -3.154387  3.035310  -0.122249     0.117634     0.985504  
  -2.102924  3.035310  -0.081840     0.118125     0.989620  
  -1.051462  3.035310  -0.041023     0.118423     0.992115  
  0.000000  3.035310  0.000000     0.118523     0.992951  
  1.051462  3.035310  0.041023     0.118423     0.992115  
  2.102924  3.035310  0.081840     0.118125     0.989620  
  3.154387  3.035310  0.122249     0.117634     0.985504  
  4.205849  3.035310  0.162059     0.116956     0.979825  
  5.257311  3.035310  0.201094     0.116102     0.972667  
  6.308773  3.035310  0.239194     0.115082     0.964128  
  7.360236  3.035310  0.276221     0.113912     0.954320  
  8.411698  3.035310  0.312058     0.112604     0.943366  
  9.463160  3.035310  0.346611     0.111176     0.931397  
  -8.937429  3.945903  -0.328086     0.144851     0.933476  
  -7.885967  3.945903  -0.293001     0.146609     0.944805  
  -6.834504  3.945903  -0.256691     0.148201     0.955063  
  -5.783042  3.945903  -0.219262     0.149607     0.964128  
  -4.731580  3.945903  -0.180839     0.150810     0.971881  
  -3.680118  3.945903  -0.141570     0.151794     0.978221  
  -2.628656  3.945903  -0.101621     0.152545     0.983058  
  -1.577193  3.945903  -0.061175     0.153051     0.986323  
  -0.525731  3.945903  -0.020426     0.153307     0.987968  
  0.525731  3.945903  0.020426     0.153307     0.987968  
  1.577193  3.945903  0.061175     0.153051     0.986323  
  2.628656  3.945903  0.101621     0.152545     0.983058  
  3.680118  3.945903  0.141570     0.151794     0.978221  
  4.731580  3.945903  0.180839     0.150810     0.971881  
  5.783042  3.945903  0.219262     0.149607     0.964128  
  6.834504  3.945903  0.256691     0.148201     0.955063  
  7.885967  3.945903  0.293001     0.146609     0.944805  
  8.937429  3.945903  0.328086     0.144851     0.933476  
  -8.411698  4.856496  -0.309017     0.178411     0.934172  
  -7.360236  4.856496  -0.273467     0.180442     0.944805  
  -6.308773  4.856496  -0.236761     0.182259     0.954320  
  -5.257311  4.856496  -0.199013     0.183840     0.962599  
  -4.205849  4.856496  -0.160357     0.185165     0.969536  
  -3.154387  4.856496  -0.120950     0.186215     0.975036  
  -2.102924  4.856496  -0.080963     0.186977     0.979022  
  -1.051462  4.856496  -0.040582     0.187438     0.981438  
  0.000000  4.856496  0.000000     0.187592     0.982247  
  1.051462  4.856496  0.040582     0.187438     0.981438  
  2.102924  4.856496  0.080963     0.186977     0.979022  
  3.154387  4.856496  0.120950     0.186215     0.975036  
  4.205849  4.856496  0.160357     0.185165     0.969536  
  5.257311  4.856496  0.199013     0.183840     0.962599  
  6.308773  4.856496  0.236761     0.182259     0.954320  
  7.360236  4.856496  0.273467     0.180442     0.944805  
  8.411698  4.856496  0.309017     0.178411     0.934172  
  -7.885967  5.767089  -0.289488     0.211705     0.933476  
  -6.834504  5.767089  -0.253547     0.213948     0.943366  
  -5.783042  5.767089  -0.216526     0.215929     0.952098  
  -4.731580  5.767089  -0.178547     0.217622     0.959563  
  -3.680118  5.767089  -0.139752     0.219005     0.965664  
  -2.628656  5.767089  -0.100304     0.220060     0.970316  
  -1.577193  5.767089  -0.060377     0.220772     0.973455  
  -0.525731  5.767089  -0.020158     0.221131     0.975036  
  0.525731  5.767089  0.020158     0.221131     0.975036  
  1.577193  5.767089  0.060377     0.220772     0.973455  
  2.628656  5.767089  0.100304     0.220060     0.970316  
  3.680118  5.767089  0.139752     0.219005     0.965664  
  4.731580  5.767089  0.178547     0.217622     0.959563  
  5.783042  5.767089  0.216526     0.215929     0.952098  
  6.834504  5.767089  0.253547     0.213948     0.943366  
  7.885967  5.767089  0.289488     0.211705     0.933476  
  -7.360236  6.677682  -0.269587     0.244586     0.931397  
  -6.308773  6.677682  -0.233335     0.246979     0.940509  
  -5.257311  6.677682  -0.196083     0.249059     0.948431  
  -4.205849  6.677682  -0.157964     0.250801     0.955063  
  -3.154387  6.677682  -0.119125     0.252181     0.960320  
  -2.102924  6.677682  -0.079731     0.253181     0.964128  
  -1.051462  6.677682  -0.039961     0.253787     0.966434  
  0.000000  6.677682  0.000000     0.253990     0.967207  
  1.051462  6.677682  0.039961     0.253787     0.966434  
  2.102924  6.677682  0.079731     0.253181     0.964128  
  3.154387  6.677682  0.119125     0.252181     0.960320  
  4.205849  6.677682  0.157964     0.250801     0.955063  
  5.257311  6.677682  0.196083     0.249059     0.948431  
  6.308773  6.677682  0.233335     0.246979     0.940509  
  7.360236  6.677682  0.269587     0.244586     0.931397  
  -6.834504  7.588275  -0.249407     0.276914     0.927963  
  -5.783042  7.588275  -0.212926     0.279393     0.936270  
  -4.731580  7.588275  -0.175533     0.281511     0.943366  
  -3.680118  7.588275  -0.137364     0.283240     0.949161  
  -2.628656  7.588275  -0.098574     0.284558     0.953577  
  -1.577193  7.588275  -0.059329     0.285447     0.956556  
  -0.525731  7.588275  -0.019807     0.285895     0.958056  
  0.525731  7.588275  0.019807     0.285895     0.958056  
  1.577193  7.588275  0.059329     0.285447     0.956556  
  2.628656  7.588275  0.098574     0.284558     0.953577  
  3.680118  7.588275  0.137364     0.283240     0.949161  
  4.731580  7.588275  0.175533     0.281511     0.943366  
  5.783042  7.588275  0.212926     0.279393     0.936270  
  6.834504  7.588275  0.249407     0.276914     0.927963  
  -6.308773  8.498868  -0.229045     0.308558     0.923217  
  -5.257311  8.498868  -0.192419     0.311061     0.930707  
  -4.205849  8.498868  -0.154972     0.313155     0.936973  
  -3.154387  8.498868  -0.116844     0.314813     0.941934  
  -2.102924  8.498868  -0.078193     0.316014     0.945527  
  -1.051462  8.498868  -0.039187     0.316741     0.947702  
  0.000000  8.498868  0.000000     0.316985     0.948431  
  1.051462  8.498868  0.039187     0.316741     0.947702  
  2.102924  8.498868  0.078193     0.316014     0.945527  
  3.154387  8.498868  0.116844     0.314813     0.941934  
  4.205849  8.498868  0.154972     0.313155     0.936973  
  5.257311  8.498868  0.192419     0.311061     0.930707  
  6.308773  8.498868  0.229045     0.308558     0.923217  
  -5.783042  9.409461  -0.208594     0.339399     0.917222  
  -4.731580  9.409461  -0.171909     0.341867     0.923891  
  -3.680118  9.409461  -0.134494     0.343880     0.929332  
  -2.628656  9.409461  -0.096496     0.345414     0.933476  
  -1.577193  9.409461  -0.058071     0.346448     0.936270  
  -0.525731  9.409461  -0.019386     0.346968     0.937677  
  0.525731  9.409461  0.019386     0.346968     0.937677  
  1.577193  9.409461  0.058071     0.346448     0.936270  
  2.628656  9.409461  0.096496     0.345414     0.933476  
  3.680118  9.409461  0.134494     0.343880     0.929332  
  4.731580  9.409461  0.171909     0.341867     0.923891  
  5.783042  9.409461  0.208594     0.339399     0.917222  
  -5.257311  10.320054  -0.188149     0.369334     0.910051  
  -4.205849  10.320054  -0.151487     0.371710     0.915906  
  -3.154387  10.320054  -0.114190     0.373590     0.920538  
  -2.102924  10.320054  -0.076404     0.374951     0.923891  
  -1.051462  10.320054  -0.038286     0.375774     0.925920  
  0.000000  10.320054  0.000000     0.376050     0.926599  
  1.051462  10.320054  0.038286     0.375774     0.925920  
  2.102924  10.320054  0.076404     0.374951     0.923891  
  3.154387  10.320054  0.114190     0.373590     0.920538  
  4.205849  10.320054  0.151487     0.371710     0.915906  
  5.257311  10.320054  0.188149     0.369334     0.910051  
  -4.731580  11.230647  -0.167796     0.398273     0.901789  
  -3.680118  11.230647  -0.131240     0.400507     0.906846  
  -2.628656  11.230647  -0.094141     0.402207     0.910696  
  -1.577193  11.230647  -0.056645     0.403353     0.913290  
  -0.525731  11.230647  -0.018909     0.403929     0.914595  
  0.525731  11.230647  0.018909     0.403929     0.914595  
  1.577193  11.230647  0.056645     0.403353     0.913290  
  2.628656  11.230647  0.094141     0.402207     0.910696  
  3.680118  11.230647  0.131240     0.400507     0.906846  
  4.731580  11.230647  0.167796     0.398273     0.901789  
  -4.205849  12.141240  -0.147621     0.426145     0.892529  
  -3.154387  12.141240  -0.111247     0.428191     0.896815  
  -2.102924  12.141240  -0.074421     0.429671     0.899914  
  -1.051462  12.141240  -0.037288     0.430566     0.901789  
  0.000000  12.141240  0.000000     0.430865     0.902416  
  1.051462  12.141240  0.037288     0.430566     0.901789  
  2.102924  12.141240  0.074421     0.429671     0.899914  
  3.154387  12.141240  0.111247     0.428191     0.896815  
  4.205849  12.141240  0.147621     0.426145     0.892529  
  -3.680118  13.051833  -0.127698     0.452893     0.882373  
  -2.628656  13.051833  -0.091580     0.454712     0.885918  
  -1.577193  13.051833  -0.055096     0.455937     0.888305  
  -0.525731  13.051833  -0.018390     0.456554     0.889506  
  0.525731  13.051833  0.018390     0.456554     0.889506  
  1.577193  13.051833  0.055096     0.455937     0.888305  
  2.628656  13.051833  0.091580     0.454712     0.885918  
  3.680118  13.051833  0.127698     0.452893     0.882373  
  -3.154387  13.962426  -0.108097     0.478477     0.871421  
  -2.102924  13.962426  -0.072300     0.480037     0.874264  
  -1.051462  13.962426  -0.036221     0.480981     0.875982  
  0.000000  13.962426  0.000000     0.481297     0.876558  
  1.051462  13.962426  0.036221     0.480981     0.875982  
  2.102924  13.962426  0.072300     0.480037     0.874264  
  3.154387  13.962426  0.108097     0.478477     0.871421  
  -2.628656  14.873019  -0.088878     0.502872     0.859779  
  -1.577193  14.873019  -0.053462     0.504148     0.861961  
  -0.525731  14.873019  -0.017843     0.504790     0.863058  
  0.525731  14.873019  0.017843     0.504790     0.863058  
  1.577193  14.873019  0.053462     0.504148     0.861961  
  2.628656  14.873019  0.088878     0.502872     0.859779  
  -2.102924  15.783612  -0.070091     0.526069     0.847549  
  -1.051462  15.783612  -0.035110     0.527041     0.849114  
  0.000000  15.783612  0.000000     0.527366     0.849638  
  1.051462  15.783612  0.035110     0.527041     0.849114  
  2.102924  15.783612  0.070091     0.526069     0.847549  
  -1.577193  16.694205  -0.051779     0.548069     0.834829  
  -0.525731  16.694205  -0.017280     0.548723     0.835826  
  0.525731  16.694205  0.017280     0.548723     0.835826  
  1.577193  16.694205  0.051779     0.548069     0.834829  
  -1.051462  17.604798  -0.033977     0.568884     0.821715  
  0.000000  17.604798  0.000000     0.569213     0.822190  
  1.051462  17.604798  0.033977     0.568884     0.821715  
  -0.525731  18.515391  -0.016711     0.588539     0.808296  
  0.525731  18.515391  0.016711     0.588539     0.808296  
  0.000000  19.425984  0.000000     0.607062     0.794654  
