  -16.823396  -9.712992  -0.525731     -0.303531     8.741199  
  -15.771933  -9.712992  -0.492980     -0.303597     8.743105  
  -14.720471  -9.712992  -0.460209     -0.303659     8.744889  
  -13.669009  -9.712992  -0.427418     -0.303717     8.746551  
  -12.617547  -9.712992  -0.394609     -0.303770     8.748091  
  -11.566084  -9.712992  -0.361784     -0.303820     8.749508  
  -10.514622  -9.712992  -0.328943     -0.303864     8.750803  
  -9.463160  -9.712992  -0.296088     -0.303905     8.751975  
  -8.411698  -9.712992  -0.263221     -0.303942     8.753024  
  -7.360236  -9.712992  -0.230343     -0.303974     8.753949  
  -6.308773  -9.712992  -0.197455     -0.304002     8.754752  
  -5.257311  -9.712992  -0.164558     -0.304025     8.755431  
  -4.205849  -9.712992  -0.131655     -0.304044     8.755987  
  -3.154387  -9.712992  -0.098746     -0.304060     8.756420  
  -2.102924  -9.712992  -0.065833     -0.304070     8.756729  
  -1.051462  -9.712992  -0.032917     -0.304077     8.756914  
  0.000000  -9.712992  0.000000     -0.304079     8.756976  
  1.051462  -9.712992  0.032917     -0.304077     8.756914  
  2.102924  -9.712992  0.065833     -0.304070     8.756729  
  3.154387  -9.712992  0.098746     -0.304060     8.756420  
  4.205849  -9.712992  0.131655     -0.304044     8.755987  
  5.257311  -9.712992  0.164558     -0.304025     8.755431  
  6.308773  -9.712992  0.197455     -0.304002     8.754752  
  7.360236  -9.712992  0.230343     -0.303974     8.753949  
  8.411698  -9.712992  0.263221     -0.303942     8.753024  
  9.463160  -9.712992  0.296088     -0.303905     8.751975  
  10.514622  -9.712992  0.328943     -0.303864     8.750803  
  11.566084  -9.712992  0.361784     -0.303820     8.749508  
  12.617547  -9.712992  0.394609     -0.303770     8.748091  
  13.669009  -9.712992  0.427418     -0.303717     8.746551  
  14.720471  -9.712992  0.460209     -0.303659     8.744889  
  15.771933  -9.712992  0.492980     -0.303597     8.743105  
  16.823396  -9.712992  0.525731     -0.303531     8.741199  
  -16.297664  -8.802399  -0.509413     -0.275135     8.743105  
  -15.246202  -8.802399  -0.476648     -0.275193     8.744951  
  -14.194740  -8.802399  -0.443863     -0.275247     8.746674  
  -13.143278  -8.802399  -0.411060     -0.275298     8.748276  
  -12.091816  -8.802399  -0.378239     -0.275344     8.749755  
  -11.040353  -8.802399  -0.345402     -0.275387     8.751111  
  -9.988891  -8.802399  -0.312551     -0.275426     8.752345  
  -8.937429  -8.802399  -0.279686     -0.275461     8.753456  
  -7.885967  -8.802399  -0.246810     -0.275492     8.754443  
  -6.834504  -8.802399  -0.213923     -0.275519     8.755308  
  -5.783042  -8.802399  -0.181027     -0.275542     8.756049  
  -4.731580  -8.802399  -0.148124     -0.275562     8.756667  
  -3.680118  -8.802399  -0.115214     -0.275577     8.757161  
  -2.628656  -8.802399  -0.082299     -0.275589     8.757532  
  -1.577193  -8.802399  -0.049381     -0.275597     8.757779  
  -0.525731  -8.802399  -0.016460     -0.275601     8.757903  
  0.525731  -8.802399  0.016460     -0.275601     8.757903  
  1.577193  -8.802399  0.049381     -0.275597     8.757779  
  2.628656  -8.802399  0.082299     -0.275589     8.757532  
  3.680118  -8.802399  0.115214     -0.275577     8.757161  
  4.731580  -8.802399  0.148124     -0.275562     8.756667  
  5.783042  -8.802399  0.181027     -0.275542     8.756049  
  6.834504  -8.802399  0.213923     -0.275519     8.755308  
  7.885967  -8.802399  0.246810     -0.275492     8.754443  
  8.937429  -8.802399  0.279686     -0.275461     8.753456  
  9.988891  -8.802399  0.312551     -0.275426     8.752345  
  11.040353  -8.802399  0.345402     -0.275387     8.751111  
  12.091816  -8.802399  0.378239     -0.275344     8.749755  
  13.143278  -8.802399  0.411060     -0.275298     8.748276  
  14.194740  -8.802399  0.443863     -0.275247     8.746674  
  15.246202  -8.802399  0.476648     -0.275193     8.744951  
  16.297664  -8.802399  0.509413     -0.275135     8.743105  
  -15.771933  -7.891806  -0.493081     -0.246723     8.744889  
  -14.720471  -7.891806  -0.460303     -0.246773     8.746674  
  -13.669009  -7.891806  -0.427505     -0.246820     8.748337  
  -12.617547  -7.891806  -0.394690     -0.246864     8.749878  
  -11.566084  -7.891806  -0.361858     -0.246904     8.751296  
  -10.514622  -7.891806  -0.329010     -0.246940     8.752592  
  -9.463160  -7.891806  -0.296149     -0.246973     8.753764  
  -8.411698  -7.891806  -0.263275     -0.247003     8.754814  
  -7.360236  -7.891806  -0.230390     -0.247029     8.755740  
  -6.308773  -7.891806  -0.197495     -0.247052     8.756543  
  -5.257311  -7.891806  -0.164592     -0.247071     8.757223  
  -4.205849  -7.891806  -0.131682     -0.247087     8.757779  
  -3.154387  -7.891806  -0.098766     -0.247099     8.758212  
  -2.102924  -7.891806  -0.065847     -0.247108     8.758521  
  -1.051462  -7.891806  -0.032924     -0.247113     8.758706  
  0.000000  -7.891806  0.000000     -0.247115     8.758768  
  1.051462  -7.891806  0.032924     -0.247113     8.758706  
  2.102924  -7.891806  0.065847     -0.247108     8.758521  
  3.154387  -7.891806  0.098766     -0.247099     8.758212  
  4.205849  -7.891806  0.131682     -0.247087     8.757779  
  5.257311  -7.891806  0.164592     -0.247071     8.757223  
  6.308773  -7.891806  0.197495     -0.247052     8.756543  
  7.360236  -7.891806  0.230390     -0.247029     8.755740  
  8.411698  -7.891806  0.263275     -0.247003     8.754814  
  9.463160  -7.891806  0.296149     -0.246973     8.753764  
  10.514622  -7.891806  0.329010     -0.246940     8.752592  
  11.566084  -7.891806  0.361858     -0.246904     8.751296  
  12.617547  -7.891806  0.394690     -0.246864     8.749878  
  13.669009  -7.891806  0.427505     -0.246820     8.748337  
  14.720471  -7.891806  0.460303     -0.246773     8.746674  
  15.771933  -7.891806  0.493081     -0.246723     8.744889  
  -15.246202  -6.981213  -0.476736     -0.218296     8.746551  
  -14.194740  -6.981213  -0.443945     -0.218340     8.748276  
  -13.143278  -6.981213  -0.411135     -0.218380     8.749878  
  -12.091816  -6.981213  -0.378308     -0.218416     8.751358  
  -11.040353  -6.981213  -0.345466     -0.218450     8.752715  
  -9.988891  -6.981213  -0.312608     -0.218481     8.753949  
  -8.937429  -6.981213  -0.279738     -0.218509     8.755061  
  -7.885967  -6.981213  -0.246855     -0.218534     8.756049  
  -6.834504  -6.981213  -0.213962     -0.218555     8.756914  
  -5.783042  -6.981213  -0.181060     -0.218574     8.757656  
  -4.731580  -6.981213  -0.148151     -0.218589     8.758274  
  -3.680118  -6.981213  -0.115235     -0.218601     8.758768  
  -2.628656  -6.981213  -0.082314     -0.218611     8.759139  
  -1.577193  -6.981213  -0.049390     -0.218617     8.759387  
  -0.525731  -6.981213  -0.016464     -0.218620     8.759510  
  0.525731  -6.981213  0.016464     -0.218620     8.759510  
  1.577193  -6.981213  0.049390     -0.218617     8.759387  
  2.628656  -6.981213  0.082314     -0.218611     8.759139  
  3.680118  -6.981213  0.115235     -0.218601     8.758768  
  4.731580  -6.981213  0.148151     -0.218589     8.758274  
  5.783042  -6.981213  0.181060     -0.218574     8.757656  
  6.834504  -6.981213  0.213962     -0.218555     8.756914  
  7.885967  -6.981213  0.246855     -0.218534     8.756049  
  8.937429  -6.981213  0.279738     -0.218509     8.755061  
  9.988891  -6.981213  0.312608     -0.218481     8.753949  
  11.040353  -6.981213  0.345466     -0.218450     8.752715  
  12.091816  -6.981213  0.378308     -0.218416     8.751358  
  13.143278  -6.981213  0.411135     -0.218380     8.749878  
  14.194740  -6.981213  0.443945     -0.218340     8.748276  
  15.246202  -6.981213  0.476736     -0.218296     8.746551  
  -14.720471  -6.070620  -0.460377     -0.189856     8.748091  
  -13.669009  -6.070620  -0.427575     -0.189893     8.749755  
  -12.617547  -6.070620  -0.394754     -0.189926     8.751296  
  -11.566084  -6.070620  -0.361916     -0.189957     8.752715  
  -10.514622  -6.070620  -0.329064     -0.189985     8.754011  
  -9.463160  -6.070620  -0.296197     -0.190010     8.755184  
  -8.411698  -6.070620  -0.263318     -0.190033     8.756234  
  -7.360236  -6.070620  -0.230427     -0.190053     8.757161  
  -6.308773  -6.070620  -0.197527     -0.190071     8.757965  
  -5.257311  -6.070620  -0.164619     -0.190085     8.758645  
  -4.205849  -6.070620  -0.131703     -0.190098     8.759201  
  -3.154387  -6.070620  -0.098782     -0.190107     8.759634  
  -2.102924  -6.070620  -0.065857     -0.190114     8.759943  
  -1.051462  -6.070620  -0.032929     -0.190118     8.760129  
  0.000000  -6.070620  0.000000     -0.190119     8.760191  
  1.051462  -6.070620  0.032929     -0.190118     8.760129  
  2.102924  -6.070620  0.065857     -0.190114     8.759943  
  3.154387  -6.070620  0.098782     -0.190107     8.759634  
  4.205849  -6.070620  0.131703     -0.190098     8.759201  
  5.257311  -6.070620  0.164619     -0.190085     8.758645  
  6.308773  -6.070620  0.197527     -0.190071     8.757965  
  7.360236  -6.070620  0.230427     -0.190053     8.757161  
  8.411698  -6.070620  0.263318     -0.190033     8.756234  
  9.463160  -6.070620  0.296197     -0.190010     8.755184  
  10.514622  -6.070620  0.329064     -0.189985     8.754011  
  11.566084  -6.070620  0.361916     -0.189957     8.752715  
  12.617547  -6.070620  0.394754     -0.189926     8.751296  
  13.669009  -6.070620  0.427575     -0.189893     8.749755  
  14.720471  -6.070620  0.460377     -0.189856     8.748091  
  -14.194740  -5.160027  -0.444007     -0.161404     8.749508  
  -13.143278  -5.160027  -0.411193     -0.161434     8.751111  
  -12.091816  -5.160027  -0.378362     -0.161461     8.752592  
  -11.040353  -5.160027  -0.345514     -0.161486     8.753949  
  -9.988891  -5.160027  -0.312652     -0.161509     8.755184  
  -8.937429  -5.160027  -0.279777     -0.161529     8.756296  
  -7.885967  -5.160027  -0.246890     -0.161548     8.757285  
  -6.834504  -5.160027  -0.213992     -0.161564     8.758150  
  -5.783042  -5.160027  -0.181086     -0.161577     8.758892  
  -4.731580  -5.160027  -0.148172     -0.161589     8.759510  
  -3.680118  -5.160027  -0.115251     -0.161598     8.760005  
  -2.628656  -5.160027  -0.082326     -0.161605     8.760376  
  -1.577193  -5.160027  -0.049397     -0.161609     8.760624  
  -0.525731  -5.160027  -0.016466     -0.161611     8.760748  
  0.525731  -5.160027  0.016466     -0.161611     8.760748  
  1.577193  -5.160027  0.049397     -0.161609     8.760624  
  2.628656  -5.160027  0.082326     -0.161605     8.760376  
  3.680118  -5.160027  0.115251     -0.161598     8.760005  
  4.731580  -5.160027  0.148172     -0.161589     8.759510  
  5.783042  -5.160027  0.181086     -0.161577     8.758892  
  6.834504  -5.160027  0.213992     -0.161564     8.758150  
  7.885967  -5.160027  0.246890     -0.161548     8.757285  
  8.937429  -5.160027  0.279777     -0.161529     8.756296  
  9.988891  -5.160027  0.312652     -0.161509     8.755184  
  11.040353  -5.160027  0.345514     -0.161486     8.753949  
  12.091816  -5.160027  0.378362     -0.161461     8.752592  
  13.143278  -5.160027  0.411193     -0.161434     8.751111  
  14.194740  -5.160027  0.444007     -0.161404     8.749508  
  -13.669009  -4.249434  -0.427626     -0.132941     8.750803  
  -12.617547  -4.249434  -0.394801     -0.132964     8.752345  
  -11.566084  -4.249434  -0.361960     -0.132986     8.753764  
  -10.514622  -4.249434  -0.329103     -0.133005     8.755061  
  -9.463160  -4.249434  -0.296232     -0.133023     8.756234  
  -8.411698  -4.249434  -0.263349     -0.133039     8.757285  
  -7.360236  -4.249434  -0.230455     -0.133053     8.758212  
  -6.308773  -4.249434  -0.197551     -0.133065     8.759016  
  -5.257311  -4.249434  -0.164639     -0.133076     8.759696  
  -4.205849  -4.249434  -0.131719     -0.133084     8.760253  
  -3.154387  -4.249434  -0.098794     -0.133091     8.760686  
  -2.102924  -4.249434  -0.065865     -0.133096     8.760995  
  -1.051462  -4.249434  -0.032933     -0.133098     8.761181  
  0.000000  -4.249434  0.000000     -0.133099     8.761243  
  1.051462  -4.249434  0.032933     -0.133098     8.761181  
  2.102924  -4.249434  0.065865     -0.133096     8.760995  
  3.154387  -4.249434  0.098794     -0.133091     8.760686  
  4.205849  -4.249434  0.131719     -0.133084     8.760253  
  5.257311  -4.249434  0.164639     -0.133076     8.759696  
  6.308773  -4.249434  0.197551     -0.133065     8.759016  
  7.360236  -4.249434  0.230455     -0.133053     8.758212  
  8.411698  -4.249434  0.263349     -0.133039     8.757285  
  9.463160  -4.249434  0.296232     -0.133023     8.756234  
  10.514622  -4.249434  0.329103     -0.133005     8.755061  
  11.566084  -4.249434  0.361960     -0.132986     8.753764  
  12.617547  -4.249434  0.394801     -0.132964     8.752345  
  13.669009  -4.249434  0.427626     -0.132941     8.750803  
  -13.143278  -3.338841  -0.411234     -0.104467     8.751975  
  -12.091816  -3.338841  -0.378399     -0.104485     8.753456  
  -11.040353  -3.338841  -0.345548     -0.104501     8.754814  
  -9.988891  -3.338841  -0.312683     -0.104516     8.756049  
  -8.937429  -3.338841  -0.279805     -0.104529     8.757161  
  -7.885967  -3.338841  -0.246914     -0.104541     8.758150  
  -6.834504  -3.338841  -0.214014     -0.104551     8.759016  
  -5.783042  -3.338841  -0.181104     -0.104560     8.759758  
  -4.731580  -3.338841  -0.148186     -0.104568     8.760376  
  -3.680118  -3.338841  -0.115262     -0.104574     8.760871  
  -2.628656  -3.338841  -0.082334     -0.104578     8.761243  
  -1.577193  -3.338841  -0.049402     -0.104581     8.761490  
  -0.525731  -3.338841  -0.016467     -0.104582     8.761614  
  0.525731  -3.338841  0.016467     -0.104582     8.761614  
  1.577193  -3.338841  0.049402     -0.104581     8.761490  
  2.628656  -3.338841  0.082334     -0.104578     8.761243  
  3.680118  -3.338841  0.115262     -0.104574     8.760871  
  4.731580  -3.338841  0.148186     -0.104568     8.760376  
  5.783042  -3.338841  0.181104     -0.104560     8.759758  
  6.834504  -3.338841  0.214014     -0.104551     8.759016  
  7.885967  -3.338841  0.246914     -0.104541     8.758150  
  8.937429  -3.338841  0.279805     -0.104529     8.757161  
  9.988891  -3.338841  0.312683     -0.104516     8.756049  
  11.040353  -3.338841  0.345548     -0.104501     8.754814  
  12.091816  -3.338841  0.378399     -0.104485     8.753456  
  13.143278  -3.338841  0.411234     -0.104467     8.751975  
  -12.617547  -2.428248  -0.394832     -0.075985     8.753024  
  -11.566084  -2.428248  -0.361988     -0.075998     8.754443  
  -10.514622  -2.428248  -0.329129     -0.076009     8.755740  
  -9.463160  -2.428248  -0.296255     -0.076019     8.756914  
  -8.411698  -2.428248  -0.263370     -0.076028     8.757965  
  -7.360236  -2.428248  -0.230473     -0.076036     8.758892  
  -6.308773  -2.428248  -0.197566     -0.076043     8.759696  
  -5.257311  -2.428248  -0.164651     -0.076049     8.760376  
  -4.205849  -2.428248  -0.131729     -0.076054     8.760933  
  -3.154387  -2.428248  -0.098802     -0.076058     8.761366  
  -2.102924  -2.428248  -0.065870     -0.076061     8.761676  
  -1.051462  -2.428248  -0.032936     -0.076062     8.761862  
  0.000000  -2.428248  0.000000     -0.076063     8.761923  
  1.051462  -2.428248  0.032936     -0.076062     8.761862  
  2.102924  -2.428248  0.065870     -0.076061     8.761676  
  3.154387  -2.428248  0.098802     -0.076058     8.761366  
  4.205849  -2.428248  0.131729     -0.076054     8.760933  
  5.257311  -2.428248  0.164651     -0.076049     8.760376  
  6.308773  -2.428248  0.197566     -0.076043     8.759696  
  7.360236  -2.428248  0.230473     -0.076036     8.758892  
  8.411698  -2.428248  0.263370     -0.076028     8.757965  
  9.463160  -2.428248  0.296255     -0.076019     8.756914  
  10.514622  -2.428248  0.329129     -0.076009     8.755740  
  11.566084  -2.428248  0.361988     -0.075998     8.754443  
  12.617547  -2.428248  0.394832     -0.075985     8.753024  
  -12.091816  -1.517655  -0.378420     -0.047496     8.753949  
  -11.040353  -1.517655  -0.345568     -0.047503     8.755308  
  -9.988891  -1.517655  -0.312701     -0.047510     8.756543  
  -8.937429  -1.517655  -0.279820     -0.047516     8.757656  
  -7.885967  -1.517655  -0.246928     -0.047521     8.758645  
  -6.834504  -1.517655  -0.214026     -0.047526     8.759510  
  -5.783042  -1.517655  -0.181114     -0.047530     8.760253  
  -4.731580  -1.517655  -0.148195     -0.047533     8.760871  
  -3.680118  -1.517655  -0.115269     -0.047536     8.761366  
  -2.628656  -1.517655  -0.082338     -0.047538     8.761738  
  -1.577193  -1.517655  -0.049404     -0.047539     8.761985  
  -0.525731  -1.517655  -0.016468     -0.047540     8.762109  
  0.525731  -1.517655  0.016468     -0.047540     8.762109  
  1.577193  -1.517655  0.049404     -0.047539     8.761985  
  2.628656  -1.517655  0.082338     -0.047538     8.761738  
  3.680118  -1.517655  0.115269     -0.047536     8.761366  
  4.731580  -1.517655  0.148195     -0.047533     8.760871  
  5.783042  -1.517655  0.181114     -0.047530     8.760253  
  6.834504  -1.517655  0.214026     -0.047526     8.759510  
  7.885967  -1.517655  0.246928     -0.047521     8.758645  
  8.937429  -1.517655  0.279820     -0.047516     8.757656  
  9.988891  -1.517655  0.312701     -0.047510     8.756543  
  11.040353  -1.517655  0.345568     -0.047503     8.755308  
  12.091816  -1.517655  0.378420     -0.047496     8.753949  
  -11.566084  -0.607062  -0.362001     -0.019000     8.754752  
  -10.514622  -0.607062  -0.329140     -0.019003     8.756049  
  -9.463160  -0.607062  -0.296266     -0.019005     8.757223  
  -8.411698  -0.607062  -0.263379     -0.019008     8.758274  
  -7.360236  -0.607062  -0.230481     -0.019010     8.759201  
  -6.308773  -0.607062  -0.197573     -0.019012     8.760005  
  -5.257311  -0.607062  -0.164657     -0.019013     8.760686  
  -4.205849  -0.607062  -0.131734     -0.019014     8.761243  
  -3.154387  -0.607062  -0.098805     -0.019015     8.761676  
  -2.102924  -0.607062  -0.065873     -0.019016     8.761985  
  -1.051462  -0.607062  -0.032937     -0.019016     8.762171  
  0.000000  -0.607062  0.000000     -0.019016     8.762233  
  1.051462  -0.607062  0.032937     -0.019016     8.762171  
  2.102924  -0.607062  0.065873     -0.019016     8.761985  
  3.154387  -0.607062  0.098805     -0.019015     8.761676  
  4.205849  -0.607062  0.131734     -0.019014     8.761243  
  5.257311  -0.607062  0.164657     -0.019013     8.760686  
  6.308773  -0.607062  0.197573     -0.019012     8.760005  
  7.360236  -0.607062  0.230481     -0.019010     8.759201  
  8.411698  -0.607062  0.263379     -0.019008     8.758274  
  9.463160  -0.607062  0.296266     -0.019005     8.757223  
  10.514622  -0.607062  0.329140     -0.019003     8.756049  
  11.566084  -0.607062  0.362001     -0.019000     8.754752  
  -11.040353  0.303531  -0.345573     0.009501     8.755431  
  -9.988891  0.303531  -0.312705     0.009502     8.756667  
  -8.937429  0.303531  -0.279824     0.009503     8.757779  
  -7.885967  0.303531  -0.246932     0.009504     8.758768  
  -6.834504  0.303531  -0.214029     0.009505     8.759634  
  -5.783042  0.303531  -0.181117     0.009506     8.760376  
  -4.731580  0.303531  -0.148197     0.009507     8.760995  
  -3.680118  0.303531  -0.115271     0.009507     8.761490  
  -2.628656  0.303531  -0.082340     0.009508     8.761862  
  -1.577193  0.303531  -0.049405     0.009508     8.762109  
  -0.525731  0.303531  -0.016469     0.009508     8.762233  
  0.525731  0.303531  0.016469     0.009508     8.762233  
  1.577193  0.303531  0.049405     0.009508     8.762109  
  2.628656  0.303531  0.082340     0.009508     8.761862  
  3.680118  0.303531  0.115271     0.009507     8.761490  
  4.731580  0.303531  0.148197     0.009507     8.760995  
  5.783042  0.303531  0.181117     0.009506     8.760376  
  6.834504  0.303531  0.214029     0.009505     8.759634  
  7.885967  0.303531  0.246932     0.009504     8.758768  
  8.937429  0.303531  0.279824     0.009503     8.757779  
  9.988891  0.303531  0.312705     0.009502     8.756667  
  11.040353  0.303531  0.345573     0.009501     8.755431  
  -10.514622  1.214124  -0.329138     0.038006     8.755987  
  -9.463160  1.214124  -0.296264     0.038011     8.757161  
  -8.411698  1.214124  -0.263377     0.038015     8.758212  
  -7.360236  1.214124  -0.230479     0.038019     8.759139  
  -6.308773  1.214124  -0.197572     0.038023     8.759943  
  -5.257311  1.214124  -0.164656     0.038026     8.760624  
  -4.205849  1.214124  -0.131733     0.038028     8.761181  
  -3.154387  1.214124  -0.098805     0.038030     8.761614  
  -2.102924  1.214124  -0.065872     0.038031     8.761923  
  -1.051462  1.214124  -0.032937     0.038032     8.762109  
  0.000000  1.214124  0.000000     0.038032     8.762171  
  1.051462  1.214124  0.032937     0.038032     8.762109  
  2.102924  1.214124  0.065872     0.038031     8.761923  
  3.154387  1.214124  0.098805     0.038030     8.761614  
  4.205849  1.214124  0.131733     0.038028     8.761181  
  5.257311  1.214124  0.164656     0.038026     8.760624  
  6.308773  1.214124  0.197572     0.038023     8.759943  
  7.360236  1.214124  0.230479     0.038019     8.759139  
  8.411698  1.214124  0.263377     0.038015     8.758212  
  9.463160  1.214124  0.296264     0.038011     8.757161  
  10.514622  1.214124  0.329138     0.038006     8.755987  
  -9.988891  2.124717  -0.312696     0.066513     8.756420  
  -8.937429  2.124717  -0.279817     0.066521     8.757532  
  -7.885967  2.124717  -0.246925     0.066529     8.758521  
  -6.834504  2.124717  -0.214023     0.066536     8.759387  
  -5.783042  2.124717  -0.181111     0.066541     8.760129  
  -4.731580  2.124717  -0.148193     0.066546     8.760748  
  -3.680118  2.124717  -0.115267     0.066550     8.761243  
  -2.628656  2.124717  -0.082337     0.066552     8.761614  
  -1.577193  2.124717  -0.049404     0.066554     8.761862  
  -0.525731  2.124717  -0.016468     0.066555     8.761985  
  0.525731  2.124717  0.016468     0.066555     8.761985  
  1.577193  2.124717  0.049404     0.066554     8.761862  
  2.628656  2.124717  0.082337     0.066552     8.761614  
  3.680118  2.124717  0.115267     0.066550     8.761243  
  4.731580  2.124717  0.148193     0.066546     8.760748  
  5.783042  2.124717  0.181111     0.066541     8.760129  
  6.834504  2.124717  0.214023     0.066536     8.759387  
  7.885967  2.124717  0.246925     0.066529     8.758521  
  8.937429  2.124717  0.279817     0.066521     8.757532  
  9.988891  2.124717  0.312696     0.066513     8.756420  
  -9.463160  3.035310  -0.296249     0.095022     8.756729  
  -8.411698  3.035310  -0.263364     0.095033     8.757779  
  -7.360236  3.035310  -0.230468     0.095043     8.758706  
  -6.308773  3.035310  -0.197562     0.095052     8.759510  
  -5.257311  3.035310  -0.164648     0.095060     8.760191  
  -4.205849  3.035310  -0.131727     0.095066     8.760748  
  -3.154387  3.035310  -0.098800     0.095070     8.761181  
  -2.102924  3.035310  -0.065869     0.095074     8.761490  
  -1.051462  3.035310  -0.032935     0.095076     8.761676  
  0.000000  3.035310  0.000000     0.095076     8.761738  
  1.051462  3.035310  0.032935     0.095076     8.761676  
  2.102924  3.035310  0.065869     0.095074     8.761490  
  3.154387  3.035310  0.098800     0.095070     8.761181  
  4.205849  3.035310  0.131727     0.095066     8.760748  
  5.257311  3.035310  0.164648     0.095060     8.760191  
  6.308773  3.035310  0.197562     0.095052     8.759510  
  7.360236  3.035310  0.230468     0.095043     8.758706  
  8.411698  3.035310  0.263364     0.095033     8.757779  
  9.463160  3.035310  0.296249     0.095022     8.756729  
  -8.937429  3.945903  -0.279797     0.123531     8.756914  
  -7.885967  3.945903  -0.246907     0.123545     8.757903  
  -6.834504  3.945903  -0.214008     0.123557     8.758768  
  -5.783042  3.945903  -0.181099     0.123568     8.759510  
  -4.731580  3.945903  -0.148182     0.123577     8.760129  
  -3.680118  3.945903  -0.115259     0.123583     8.760624  
  -2.628656  3.945903  -0.082332     0.123589     8.760995  
  -1.577193  3.945903  -0.049400     0.123592     8.761243  
  -0.525731  3.945903  -0.016467     0.123594     8.761366  
  0.525731  3.945903  0.016467     0.123594     8.761366  
  1.577193  3.945903  0.049400     0.123592     8.761243  
  2.628656  3.945903  0.082332     0.123589     8.760995  
  3.680118  3.945903  0.115259     0.123583     8.760624  
  4.731580  3.945903  0.148182     0.123577     8.760129  
  5.783042  3.945903  0.181099     0.123568     8.759510  
  6.834504  3.945903  0.214008     0.123557     8.758768  
  7.885967  3.945903  0.246907     0.123545     8.757903  
  8.937429  3.945903  0.279797     0.123531     8.756914  
  -8.411698  4.856496  -0.263340     0.152039     8.756976  
  -7.360236  4.856496  -0.230447     0.152056     8.757903  
  -6.308773  4.856496  -0.197544     0.152069     8.758706  
  -5.257311  4.856496  -0.164633     0.152081     8.759387  
  -4.205849  4.856496  -0.131715     0.152091     8.759943  
  -3.154387  4.856496  -0.098791     0.152098     8.760376  
  -2.102924  4.856496  -0.065863     0.152104     8.760686  
  -1.051462  4.856496  -0.032932     0.152107     8.760871  
  0.000000  4.856496  0.000000     0.152108     8.760933  
  1.051462  4.856496  0.032932     0.152107     8.760871  
  2.102924  4.856496  0.065863     0.152104     8.760686  
  3.154387  4.856496  0.098791     0.152098     8.760376  
  4.205849  4.856496  0.131715     0.152091     8.759943  
  5.257311  4.856496  0.164633     0.152081     8.759387  
  6.308773  4.856496  0.197544     0.152069     8.758706  
  7.360236  4.856496  0.230447     0.152056     8.757903  
  8.411698  4.856496  0.263340     0.152039     8.756976  
  -7.885967  5.767089  -0.246879     0.180546     8.756914  
  -6.834504  5.767089  -0.213983     0.180563     8.757779  
  -5.783042  5.767089  -0.181078     0.180579     8.758521  
  -4.731580  5.767089  -0.148165     0.180591     8.759139  
  -3.680118  5.767089  -0.115246     0.180602     8.759634  
  -2.628656  5.767089  -0.082322     0.180609     8.760005  
  -1.577193  5.767089  -0.049395     0.180614     8.760253  
  -0.525731  5.767089  -0.016465     0.180617     8.760376  
  0.525731  5.767089  0.016465     0.180617     8.760376  
  1.577193  5.767089  0.049395     0.180614     8.760253  
  2.628656  5.767089  0.082322     0.180609     8.760005  
  3.680118  5.767089  0.115246     0.180602     8.759634  
  4.731580  5.767089  0.148165     0.180591     8.759139  
  5.783042  5.767089  0.181078     0.180579     8.758521  
  6.834504  5.767089  0.213983     0.180563     8.757779  
  7.885967  5.767089  0.246879     0.180546     8.756914  
  -7.360236  6.677682  -0.230416     0.209048     8.756729  
  -6.308773  6.677682  -0.197518     0.209067     8.757532  
  -5.257311  6.677682  -0.164611     0.209084     8.758212  
  -4.205849  6.677682  -0.131697     0.209097     8.758768  
  -3.154387  6.677682  -0.098778     0.209107     8.759201  
  -2.102924  6.677682  -0.065854     0.209115     8.759510  
  -1.051462  6.677682  -0.032928     0.209119     8.759696  
  0.000000  6.677682  0.000000     0.209121     8.759758  
  1.051462  6.677682  0.032928     0.209119     8.759696  
  2.102924  6.677682  0.065854     0.209115     8.759510  
  3.154387  6.677682  0.098778     0.209107     8.759201  
  4.205849  6.677682  0.131697     0.209097     8.758768  
  5.257311  6.677682  0.164611     0.209084     8.758212  
  6.308773  6.677682  0.197518     0.209067     8.757532  
  7.360236  6.677682  0.230416     0.209048     8.756729  
  -6.834504  7.588275  -0.213950     0.237546     8.756420  
  -5.783042  7.588275  -0.181050     0.237567     8.757161  
  -4.731580  7.588275  -0.148142     0.237583     8.757779  
  -3.680118  7.588275  -0.115228     0.237597     8.758274  
  -2.628656  7.588275  -0.082309     0.237607     8.758645  
  -1.577193  7.588275  -0.049387     0.237614     8.758892  
  -0.525731  7.588275  -0.016463     0.237617     8.759016  
  0.525731  7.588275  0.016463     0.237617     8.759016  
  1.577193  7.588275  0.049387     0.237614     8.758892  
  2.628656  7.588275  0.082309     0.237607     8.758645  
  3.680118  7.588275  0.115228     0.237597     8.758274  
  4.731580  7.588275  0.148142     0.237583     8.757779  
  5.783042  7.588275  0.181050     0.237567     8.757161  
  6.834504  7.588275  0.213950     0.237546     8.756420  
  -6.308773  8.498868  -0.197483     0.266039     8.755987  
  -5.257311  8.498868  -0.164582     0.266060     8.756667  
  -4.205849  8.498868  -0.131674     0.266076     8.757223  
  -3.154387  8.498868  -0.098760     0.266090     8.757656  
  -2.102924  8.498868  -0.065842     0.266099     8.757965  
  -1.051462  8.498868  -0.032922     0.266105     8.758150  
  0.000000  8.498868  0.000000     0.266107     8.758212  
  1.051462  8.498868  0.032922     0.266105     8.758150  
  2.102924  8.498868  0.065842     0.266099     8.757965  
  3.154387  8.498868  0.098760     0.266090     8.757656  
  4.205849  8.498868  0.131674     0.266076     8.757223  
  5.257311  8.498868  0.164582     0.266060     8.756667  
  6.308773  8.498868  0.197483     0.266039     8.755987  
  -5.783042  9.409461  -0.181014     0.294524     8.755431  
  -4.731580  9.409461  -0.148113     0.294545     8.756049  
  -3.680118  9.409461  -0.115206     0.294562     8.756543  
  -2.628656  9.409461  -0.082293     0.294574     8.756914  
  -1.577193  9.409461  -0.049377     0.294583     8.757161  
  -0.525731  9.409461  -0.016459     0.294587     8.757285  
  0.525731  9.409461  0.016459     0.294587     8.757285  
  1.577193  9.409461  0.049377     0.294583     8.757161  
  2.628656  9.409461  0.082293     0.294574     8.756914  
  3.680118  9.409461  0.115206     0.294562     8.756543  
  4.731580  9.409461  0.148113     0.294545     8.756049  
  5.783042  9.409461  0.181014     0.294524     8.755431  
  -5.257311  10.320054  -0.164546     0.323002     8.754752  
  -4.205849  10.320054  -0.131645     0.323022     8.755308  
  -3.154387  10.320054  -0.098739     0.323038     8.755740  
  -2.102924  10.320054  -0.065828     0.323050     8.756049  
  -1.051462  10.320054  -0.032915     0.323056     8.756234  
  0.000000  10.320054  0.000000     0.323059     8.756296  
  1.051462  10.320054  0.032915     0.323056     8.756234  
  2.102924  10.320054  0.065828     0.323050     8.756049  
  3.154387  10.320054  0.098739     0.323038     8.755740  
  4.205849  10.320054  0.131645     0.323022     8.755308  
  5.257311  10.320054  0.164546     0.323002     8.754752  
  -4.731580  11.230647  -0.148078     0.351470     8.753949  
  -3.680118  11.230647  -0.115178     0.351489     8.754443  
  -2.628656  11.230647  -0.082273     0.351504     8.754814  
  -1.577193  11.230647  -0.049365     0.351514     8.755061  
  -0.525731  11.230647  -0.016455     0.351519     8.755184  
  0.525731  11.230647  0.016455     0.351519     8.755184  
  1.577193  11.230647  0.049365     0.351514     8.755061  
  2.628656  11.230647  0.082273     0.351504     8.754814  
  3.680118  11.230647  0.115178     0.351489     8.754443  
  4.731580  11.230647  0.148078     0.351470     8.753949  
  -4.205849  12.141240  -0.131611     0.379927     8.753024  
  -3.154387  12.141240  -0.098713     0.379946     8.753456  
  -2.102924  12.141240  -0.065811     0.379959     8.753764  
  -1.051462  12.141240  -0.032906     0.379967     8.753949  
  0.000000  12.141240  0.000000     0.379970     8.754011  
  1.051462  12.141240  0.032906     0.379967     8.753949  
  2.102924  12.141240  0.065811     0.379959     8.753764  
  3.154387  12.141240  0.098713     0.379946     8.753456  
  4.205849  12.141240  0.131611     0.379927     8.753024  
  -3.680118  13.051833  -0.115145     0.408373     8.751975  
  -2.628656  13.051833  -0.082250     0.408390     8.752345  
  -1.577193  13.051833  -0.049352     0.408401     8.752592  
  -0.525731  13.051833  -0.016451     0.408407     8.752715  
  0.525731  13.051833  0.016451     0.408407     8.752715  
  1.577193  13.051833  0.049352     0.408401     8.752592  
  2.628656  13.051833  0.082250     0.408390     8.752345  
  3.680118  13.051833  0.115145     0.408373     8.751975  
  -3.154387  13.962426  -0.098683     0.436805     8.750803  
  -2.102924  13.962426  -0.065791     0.436821     8.751111  
  -1.051462  13.962426  -0.032896     0.436830     8.751296  
  0.000000  13.962426  0.000000     0.436833     8.751358  
  1.051462  13.962426  0.032896     0.436830     8.751296  
  2.102924  13.962426  0.065791     0.436821     8.751111  
  3.154387  13.962426  0.098683     0.436805     8.750803  
  -2.628656  14.873019  -0.082224     0.465224     8.749508  
  -1.577193  14.873019  -0.049336     0.465237     8.749755  
  -0.525731  14.873019  -0.016445     0.465243     8.749878  
  0.525731  14.873019  0.016445     0.465243     8.749878  
  1.577193  14.873019  0.049336     0.465237     8.749755  
  2.628656  14.873019  0.082224     0.465224     8.749508  
  -2.102924  15.783612  -0.065768     0.493627     8.748091  
  -1.051462  15.783612  -0.032885     0.493637     8.748276  
  0.000000  15.783612  0.000000     0.493641     8.748337  
  1.051462  15.783612  0.032885     0.493637     8.748276  
  2.102924  15.783612  0.065768     0.493627     8.748091  
  -1.577193  16.694205  -0.049317     0.522013     8.746551  
  -0.525731  16.694205  -0.016439     0.522021     8.746674  
  0.525731  16.694205  0.016439     0.522021     8.746674  
  1.577193  16.694205  0.049317     0.522013     8.746551  
  -1.051462  17.604798  -0.032872     0.550382     8.744889  
  0.000000  17.604798  0.000000     0.550386     8.744951  
  1.051462  17.604798  0.032872     0.550382     8.744889  
  -0.525731  18.515391  -0.016433     0.578732     8.743105  
  0.525731  18.515391  0.016433     0.578732     8.743105  
  0.000000  19.425984  0.000000     0.607062     8.741199  
